# n = 2
# deg = 15
 3.026668174698297e-01
-4.517508534082501e-01
-2.801306407703822e+00
-3.086850322416065e-01
 1.288932361528446e+00
-3.292932151278956e+00
 9.313928975366977e+00
 2.564215756820947e+01
 4.801987337099713e+01
 3.478256376550818e+01
 8.482929035466629e+00
 2.704083768024136e+01
 2.585417382502810e+01
 5.991660132882706e+01
 1.169680635728296e+02
-1.119175166273979e+01
-4.628241507703189e+01
 1.324752722756606e+02
 5.737682150372407e+02
 5.024822397562930e+02
 3.557362031437572e+02
-2.254597755069742e+01
-2.918398186160135e+01
-5.422007929099292e+02
-3.228897111384267e+03
-5.821091060381837e+03
-5.159443515021433e+03
-1.306853003492569e+03
-8.083450641127359e+01
-1.206394861392100e+03
-5.675686651591556e+03
-9.445276356262037e+03
-4.929340935558870e+03
 4.213124943833369e+03
 2.851220928979637e+03
 2.727482211482204e+02
-1.808505377135354e+02
 4.561446808801082e+02
 1.357477786513779e+04
 4.960937788069396e+04
 6.685589547272815e+04
-2.175194164569753e+03
-9.293917561737877e+04
-9.949977955625992e+04
-3.634229341306446e+04
 8.225730276373666e+02
 9.698739588488523e+03
 2.188205306672255e+04
-5.704792146453561e+04
-3.476602231662421e+05
-6.549114552832427e+05
-6.487973105369626e+05
-4.020552740143834e+05
-2.240378149087779e+05
-9.713928404427548e+04
-5.518944652706905e+02
-2.288927307651738e+04
-1.393333135451422e+05
-1.582917330039507e+05
 1.130112523090478e+06
 5.004238488258985e+06
 9.780935502888335e+06
 1.115746470050451e+07
 7.767238913408974e+06
 2.963057889437807e+06
 3.469273154968941e+05
-5.383470504423949e+03
-1.251132899991419e+04
 3.787731500875638e+05
 2.754445067259261e+06
 7.699015113314850e+06
 8.427724839905504e+06
-6.322633871549981e+06
-3.276780981144926e+07
-4.761796541710014e+07
-3.700559786917570e+07
-1.571717013370560e+07
-3.327378250027990e+06
 9.310249640083361e+03
 1.269151892331643e+05
-1.362191487786187e+05
-7.683586871429070e+06
-4.361519680195668e+07
-1.175768108482206e+08
-1.595228599619202e+08
-4.143071294582611e+07
 2.274001220508170e+08
 4.157226076291021e+08
 3.504693025207092e+08
 1.542638872697519e+08
 2.722923561937033e+07
-1.343833357181393e+04
-8.070393147372942e+05
-8.439711060976282e+06
-3.370356015801588e+07
-3.176226667797424e+07
 2.105270105868792e+08
 9.197872617725390e+08
 1.746991724758427e+09
 1.725618346181049e+09
 5.773588822498704e+08
-5.582780232743179e+08
-7.022395187167996e+08
-2.810388269697489e+08
-3.852562012025011e+07
-6.059777953166537e+04
 4.891859361661974e+04
 1.438092267169937e+07
 1.311963584265211e+08
 4.766557249107076e+08
 4.646345375798938e+08
-2.455966832538835e+09
-1.122851736881767e+10
-2.317548258900134e+10
-2.863096566370772e+10
-2.187475887709816e+10
-9.532987768523212e+09
-1.505442120511866e+09
 5.083085181956131e+08
 2.107656708689228e+08
 4.720900322288924e+05
 9.583741648809597e+06
 5.449817001257842e+07
-4.900500503897846e+07
-1.843111713654917e+09
-8.947117329272577e+09
-2.043075561807327e+10
-1.682613635565815e+10
 3.256408856974018e+10
 1.228541298358232e+11
 1.913387000512935e+11
 1.822338399093884e+11
 1.144946788583060e+11
 4.796446807586742e+10
 1.304059291608213e+10
 1.916185406778660e+09

-3.209238430557093e-17
 2.841249940585110e-01
-4.517508534082505e-01
 8.544827495824192e-03
-8.732044606208866e-02
 1.155859505933680e+00
 3.243539818299577e+00
 1.634091942042560e+01
 4.403110994901945e+01
 5.490370984221880e+01
 3.995483150275670e+00
-8.300989477630740e+00
-7.939247109684050e+01
-1.682104503682213e+02
-4.873277002284286e+00
-2.310543146206791e+01
-2.147578585527570e+02
-6.358040867484226e+02
-7.819981936356871e+02
-9.846156260146111e+02
-4.999583247841849e+02
 4.403669630333447e+00
 1.774954869518557e+02
 8.423093885452081e+02
 3.049413701716567e+02
-1.298745551289229e+03
-2.841436102961010e+03
-2.179104836312876e+03
 2.286075251756867e+02
 1.623933843103620e+03
 3.397791976011003e+03
 2.775656061109957e+03
-4.820919739129480e+03
-1.491775022836080e+04
-1.629205107027417e+04
-9.791800429317937e+03
 1.578091323657823e+02
 1.022513407135711e+03
 8.789458932078771e+03
 4.077427386774020e+04
 1.179616340094420e+05
 2.130603750307764e+05
 2.261005994443875e+05
 1.295241612965313e+05
 1.823174795570342e+04
-4.318264102574767e+02
 2.823391518004046e+03
 4.422003813818410e+04
 2.113639717204114e+05
 5.231174338631851e+05
 7.297887909627719e+05
 5.799021519753926e+05
 2.389091098599170e+05
 7.584856800924742e+04
-8.665162234015268e+03
-1.354923958452985e+03
-1.241510586979396e+04
-8.203538644829830e+04
-4.267655232660061e+05
-1.354462023620491e+06
-2.231271271839304e+06
-1.117792764631071e+06
 2.284180750630528e+06
 4.382586945559427e+06
 3.210664224494093e+06
 8.452253100094993e+05
-8.660976940806098e+03
-1.285044192521620e+05
-8.289907160086940e+05
-2.719581607860635e+06
-3.888149706236690e+06
 2.120905457524318e+06
 1.825315530025350e+07
 3.336829759721795e+07
 3.476721672357053e+07
 2.418264117008622e+07
 1.225719920601539e+07
 3.340710097561345e+06
-1.254098765200337e+04
-1.327981282431857e+05
-3.331748069207396e+05
 6.536329169230349e+05
 1.258308985430136e+06
-2.304515373147535e+07
-1.231912613313368e+08
-2.981489118649441e+08
-4.278896357672199e+08
-3.851838928169725e+08
-2.123023882281880e+08
-5.916516186496453e+07
-3.136801214265753e+06
 4.055103926498250e+04
 5.448683371729461e+05
 1.817830314942584e+06
-9.996738679101828e+06
-1.062303097209691e+08
-4.060334092546739e+08
-8.425342045857110e+08
-9.434301787459006e+08
-2.704972462865036e+08
 7.898395725615873e+08
 1.310532660253836e+09
 9.901901586839702e+08
 4.141689815609093e+08
 8.746105509321956e+07
 1.065180137169661e+05
 5.363702880879012e+05
-3.523952507171387e+06
-2.538810780682266e+07
 3.821875566424494e+07
 7.965297313974315e+08
 3.229699447036376e+09
 6.644475326875879e+09
 6.873643881316002e+09
 2.849742001151695e+08
-9.363093511450909e+09
-1.342677870506174e+10
-9.506635267185867e+09
-3.531688460396231e+09
-5.087663681731088e+08
 6.691731099875632e+04
 2.536919725931492e+06
 5.031599850611964e+07
 4.537608725097992e+08
 2.127968961924573e+09
 5.171806698863140e+09
 3.392535178414411e+09
-1.768786873947346e+10
-6.317791296469475e+10
-1.052302056882796e+11
-1.027433906143245e+11
-5.660692706544197e+10
-1.172715881555743e+10
 3.885031017411148e+09
 2.330377128522457e+09
 3.655586459433079e+08


# period = 
 6.075615784322902e+00
-2.871516930092994e-01
 1.467215922925910e+00
 5.349288888133125e+00
 1.871715694543751e+01
 2.203839052131760e+01
-1.664148545010820e-01
-2.093830249532000e+01
-6.329181452874473e+01
-1.816884576293742e+01
-3.230115145094880e+01
-1.107521506607333e+02
 1.792722264215896e+00
 1.671793631747656e+02
 1.444184982105174e+02
 2.109135297357644e+00
 1.524327975064393e+02
 1.097946407414174e+02
-6.621913471615718e+02
-1.211926519891717e+03
-4.392904130237765e+02
 3.123411453945712e+01
-6.638648385716697e+02
-4.397175938527460e+03
-1.054830612168244e+04
-1.282343701616773e+04
-9.248686643887242e+03
-2.997659532306830e+03
-1.470940135724369e+02
-7.856536187793211e+02
 2.662836742260775e+03
 2.281224117730005e+04
 5.525256875755163e+04
 6.741363910122984e+04
 3.981580576491112e+04
 8.218692728243779e+03
 9.673809466760446e+02
 1.248579126256634e+04
 5.462325961487031e+04
 8.823939903189373e+04
-4.631742811772355e+04
-4.015460363802222e+05
-6.344879515141915e+05
-4.546958141899350e+05
-1.328642424524672e+05
 1.831626941973289e+03
 3.884102581555836e+03
-7.452034453190041e+04
-4.201194920306582e+05
-7.716240666877219e+05
 3.738196234427547e+04
 2.170631405050367e+06
 3.253871406659293e+06
 1.977779874157268e+06
 4.097896763812202e+05
-5.753062018219673e+03
-5.770913012788416e+04
-1.376154486471232e+04
 1.702731079461075e+06
 8.399598966207486e+06
 1.857422489582384e+07
 2.085353482168273e+07
 9.452737107317148e+06
-2.615488239844442e+06
-4.292089150608683e+06
-1.337260065822076e+06
-1.197762734855282e+03
 1.650527401214480e+05
 1.615698238981608e+06
 4.512342892009517e+06
-4.461510708313017e+06
-5.442751554232898e+07
-1.380757719985080e+08
-1.772944499817235e+08
-1.247502495106944e+08
-4.429716649142063e+07
-5.231069622066427e+06
 9.431369888878329e+03
 1.274925355981058e+04
-2.418121180023467e+05
-6.121535543957857e+06
-4.159563446285168e+07
-1.236146956576796e+08
-1.208726750989033e+08
 2.808833646193312e+08
 1.127781486377073e+09
 1.819229519416001e+09
 1.731600476600223e+09
 1.030588395712151e+09
 3.641574905526549e+08
 5.818264540114362e+07
-1.484653937533647e+05
-2.739750399404625e+06
-1.221535476858559e+07
 2.884159103332479e+07
 4.183518898771313e+08
 1.484701502689039e+09
 2.311887721649688e+09
 2.716829772163481e+08
-5.631781899519621e+09
-1.139657409539463e+10
-1.181705517117257e+10
-7.226045911229614e+09
-2.466781534857677e+09
-3.634827448919591e+08
 7.520847988644450e+04
 6.290756873803369e+06
 7.533265500794069e+07
 2.975211776704164e+08
-1.617270202088630e+08
-5.418101878803876e+09
-2.113336206316941e+10
-4.186549009067757e+10
-4.343676035333701e+10
-8.368926795917754e+09
 4.036958753148164e+10
 5.973529951878990e+10
 4.149697879381354e+10
 1.523500197734930e+10
 2.393132515392502e+09
 1.256367142331815e+06
 9.615464377590923e+06
-1.118839079401100e+08
-1.629523027780872e+09
-7.600038621490653e+09
-1.277171523773495e+10
 2.296182340572866e+10
 1.657161767336922e+11
 3.969914329059553e+11
 5.271560805036050e+11
 3.746387855799641e+11
 4.662709432906542e+10
-1.618668005646356e+11
-1.482183212403691e+11
-5.628991784519709e+10
-8.212688016583795e+09
# cputime =  1.6112800000e-01 sec
