# smax(-15) =  9.301383666716476e-01
# nnz = 9
 2.039523215950859e+00  0.000000000000000e+00  0
-8.672964092093782e-03 -5.072389575641269e-18  1
 6.560617338752616e-05  5.068292178345945e-20  2
-1.007373234595614e-06 -5.792846919954302e-22  3
 2.002297037820807e-08  1.257214512502009e-23  4
-4.161457422191711e-10 -1.498561509230089e-25  5
 9.559446345718383e-12  4.512389361073317e-27  6
-2.260374122976027e-13  1.427509369197521e-30  7
 8.340000621226502e-16 -3.074853854860881e-15  8

# cputime =  2.2000000000e-05 sec
