# n = 2
# mxdeg = 15
# scal(-15) =  4.347090574503961e-03
# nnz = 8
-4.517508534082503e-01  8.921441399487626e-01  1 0
 7.737534090747505e-03  3.918018930182480e-03  2 1
-4.153974438533570e-05 -6.319132248186693e-05  3 2
 5.446726182005489e-07  9.135926243451056e-07  4 3
-1.084943569900447e-08 -1.743494586592517e-08  5 4
 2.160898772091666e-10  3.701574506477191e-10  6 5
-4.949658187883102e-12 -8.380236567724235e-12  7 6
 1.154692222598508e-13  1.989591948450466e-13  8 7

# nnz = 8
-4.517508534082503e-01 -8.921441399487626e-01  0 1
 7.737534090747505e-03 -3.918018930182480e-03  1 2
-4.153974438533571e-05  6.319132248186693e-05  2 3
 5.446726182005489e-07 -9.135926243451058e-07  3 4
-1.084943569900446e-08  1.743494586592517e-08  4 5
 2.160898772091666e-10 -3.701574506477191e-10  5 6
-4.949658187883100e-12  8.380236567724237e-12  6 7
 1.154692222598507e-13 -1.989591948450466e-13  7 8

# changes =
 3.026668174698297e-01  0.000000000000000e+00
-1.529992315145899e-02  0.000000000000000e+00
-1.529992315145899e-02  0.000000000000000e+00
-3.386551052871085e-03 -2.317735466724465e-17
 6.773102105742137e-03 -2.949029909160573e-17
 6.150046884741024e-03 -5.280663566755407e-17
 1.278073607404583e-03  1.175494216049774e-18
 0.000000000000000e+00  0.000000000000000e+00
-3.705036119068040e-03  7.590385303714243e-19
-4.689353146739500e-04  7.200000825492875e-19
-5.587946268333116e-06  2.046972311992883e-18
-7.940928458394294e-06 -5.978384222105312e-19
 1.191139268759179e-05 -1.058791184067876e-18
 2.235178507333206e-05  9.708134815211932e-18
 9.673673360089177e-06  2.122342051222304e-19
 1.844946876544811e-06  2.591583545058656e-21
-1.905523049354936e-05 -4.132596853299987e-20
 0.000000000000000e+00  0.000000000000000e+00
 4.314103567782309e-05 -9.036843960759806e-21
 5.278662119619007e-06 -4.218750483687233e-21
-6.942455959922477e-07 -1.679562271706472e-20
-2.595027732796340e-08 -6.442855167551348e-22
 3.264901775275474e-08 -7.665941503044248e-19
 6.557736164988378e-08  1.360351016718759e-20
-8.729696353504487e-08  1.890604008051201e-20
-8.073894427667308e-08 -2.063453535449946e-18
 1.567214374096424e-07 -3.440760186034548e-21
 1.386983684264275e-07  9.827783363302271e-22
-4.004449080392348e-09  3.261379795167383e-22
 1.857603718293226e-08  2.120846690194486e-22
 4.141215133363814e-07  9.566196419675891e-22
 0.000000000000000e+00  0.000000000000000e+00
-6.898636824409594e-07  6.135870807618560e-22
-5.533264778109798e-08  6.518555434863955e-22
 2.652761988275689e-08  2.728068079406963e-21
-8.067042717636798e-10 -1.190925051274750e-22
-5.289756879631064e-10  3.769767397922498e-24
 1.014766428960608e-10  1.983380901556446e-22
 1.090467971640273e-09  1.985072008089661e-19
 7.759943628244231e-10 -1.741418208345283e-21
-2.287955653231968e-10 -2.307420318716671e-21
-1.597802701044872e-09  4.142464127555285e-19
-2.933395752016661e-10  7.872652436780100e-22
 4.019578195629598e-09 -8.705913464908783e-23
-1.962480107104601e-09  2.059136296544655e-23
 2.138832564744953e-11 -2.279082381780243e-25
-1.907599310822493e-10 -1.222170849060042e-22
-1.109675809454685e-10 -3.404775134728246e-24
-8.381830053607391e-09 -3.363115928792308e-23
 0.000000000000000e+00  0.000000000000000e+00
 1.442050930433896e-08 -3.641436620276812e-23
 1.720147348568287e-09 -1.087188845351256e-23
-3.490853155835957e-12 -5.028302572769053e-22
 1.312947207291458e-10 -1.419836026682475e-24
-1.033631214183626e-11 -3.518206515132248e-24
-4.158828599668907e-11 -2.401844055843457e-25
-1.832221183930455e-11 -2.439139147884877e-26
-8.970882001762876e-12 -7.508099722908126e-24
-2.214484684941375e-11 -4.478254348150301e-20
-7.342485465370451e-12  3.763216446385687e-23
 8.489143272533773e-12  4.595295264287510e-23
 3.802762022221819e-11 -8.063030720218988e-20
 2.613666880039579e-11 -2.073347124719464e-23
 8.627739638113268e-11 -1.863966530843262e-25
 4.157248833173367e-10 -2.314533046503680e-24
-8.387441113845310e-13  3.362407999789832e-26
-5.046762460547502e-14 -3.308143729338383e-27
 6.861487886610081e-13  1.319109849295015e-25
 4.202687018286662e-13  2.995606592761047e-23
 1.358712324520760e-11 -3.361276265411162e-26
 2.147904313276270e-10  7.123266376955930e-25
 0.000000000000000e+00  0.000000000000000e+00
-3.034266752915084e-10  1.651311834944726e-24
-2.784428533093425e-11  1.786351408726818e-24
-9.857780090116757e-13  9.417179422643165e-23
-3.331242357358787e-12  3.164355144760722e-25
 5.672787820540487e-13  6.153687619325489e-25
-2.248668706527020e-14  3.416234331112169e-26
-6.890239911407773e-15 -7.911093343435177e-28
 1.427595836528632e-11  1.438688469691466e-25
-1.112988908673204e-12 -1.676908164170853e-26
-2.461058699665272e-13  1.382306775882755e-24
 1.327392009225540e-13  9.398435796268580e-21
 2.952813859650793e-13 -8.033587300773590e-24
-1.944697882060086e-13 -9.505130197414536e-24
-1.426845088031541e-13  1.535596864457172e-20
 5.622887133264020e-13  3.190355554745029e-24
 3.788488057344951e-12 -5.353946418379586e-26
-7.853542241747158e-11  7.881384080766831e-25
 7.684131594825097e-14 -1.311088193947901e-26
 5.168547868833068e-15  1.688409878759105e-28
 4.593120782897721e-17 -1.635344694459890e-27
 1.938597992745870e-15  4.200735758119342e-27
-1.494930706815490e-14 -2.359443144784755e-27
 2.705061755322818e-14 -6.648045763659431e-24
-2.259999284354531e-13  4.681998327417846e-26
-5.189692216368002e-12 -2.773402892667268e-26
 0.000000000000000e+00  0.000000000000000e+00
 7.048581609252508e-12 -3.495185501627332e-26
 7.327070181333876e-13  7.398427380988197e-26
-2.875169355831568e-14 -1.744757857512954e-23
 6.095152952175710e-14 -7.764728270919785e-27
-1.945745245006693e-14  2.454506526039963e-26
 1.482989463477802e-15 -2.172156972305567e-26
-2.233927027511340e-17  7.994555600505488e-30
-3.260840728412928e-17 -9.759178464857980e-30
 9.723522197411013e-16  5.657460369714284e-29
-3.538501719685723e-12 -3.909041500282159e-26
-3.866884228520825e-14  1.046040392543714e-27
 8.946490358739735e-15 -4.009918527159513e-26
-3.567433332539926e-15 -1.886254295941592e-21
-8.426527013228007e-15  1.955305095858023e-25
 7.450095302932042e-15  2.242301624349992e-25
 6.360983059879897e-15 -2.876312230659671e-21
-1.520212224936132e-14 -8.399499818197647e-26
 1.090009805440191e-13  3.586338529672669e-27
 1.415942721298881e-11 -1.845640575875773e-25
-5.687540486265532e-15  1.383817518103804e-27
 1.844867056550749e-16 -1.351539638525919e-28
 5.896503200836194e-18  6.638194920885465e-30
 5.373785304768805e-19 -1.150909431360941e-30
 1.129872492742275e-17  4.021765587266083e-28
-1.027941482652971e-16 -7.436791170391956e-28
-1.883201093812505e-16  1.745276128249196e-28
 1.439343031913105e-16  1.379688546713468e-24
 1.127118082805343e-14 -1.411714791790405e-27
 1.290928705094382e-13  1.482493322560627e-27
 0.000000000000000e+00  0.000000000000000e+00
-1.700928393826624e-13  2.928298674829339e-27
-1.787988594074601e-14 -1.009408267461346e-26
 3.551177449152063e-16  3.200464070993950e-24
-1.972403913671418e-16  3.544517912931525e-28
 7.956932903724814e-16 -3.546417223319194e-27
-7.702737492813042e-17  5.999087930801097e-27
-1.494504819227584e-18 -1.524633895415001e-29
-2.245624165584496e-17  1.141510245220945e-31

-3.209238430557093e-17  0.000000000000000e+00
-9.095574252979679e-19  4.872632548764621e-03
-9.095574252979679e-19 -4.872632548764621e-03
 6.150046884741024e-03  5.280663566755407e-17
 6.773102105742137e-03  2.949029909160573e-17
-3.386551052871085e-03  2.317735466724465e-17
-4.689353146739500e-04 -7.200000825492875e-19
-3.705036119068040e-03 -7.557842235846748e-19
 0.000000000000000e+00  0.000000000000000e+00
 1.278073607404583e-03 -1.175494216049774e-18
 9.673673360089177e-06 -2.113228397754897e-19
 2.235178507333202e-05 -9.637913225228483e-18
 1.191139268759179e-05  1.060485249962384e-18
-7.940928458394291e-06  5.975907162141730e-19
-5.587946268333101e-06 -2.085144289838904e-18
-6.942455959922432e-07  1.653522546563736e-20
 5.278662119619004e-06  4.218750483687233e-21
 4.314103567782309e-05  7.137973790962028e-21
 0.000000000000000e+00  0.000000000000000e+00
-1.905523049354936e-05  3.673419425155543e-20
 1.844946876544810e-06 -3.109900254070388e-21
 1.386983684264275e-07 -9.827783363302271e-22
 1.567214374096424e-07  3.438980175591696e-21
-8.073894427666508e-08  2.052880008686690e-18
-8.729696353504470e-08 -1.862148994979377e-20
 6.557736164988385e-08 -1.362479740124963e-20
 3.264901775275373e-08  7.733506649378148e-19
-2.595027732796342e-08  6.442855167551348e-22
-8.067042717636768e-10  1.177561888670680e-22
 2.652761988275608e-08 -2.579560271952296e-21
-5.533264778109810e-08 -6.298828847171912e-22
-6.898636824409596e-07 -4.949076951494947e-22
 0.000000000000000e+00  0.000000000000000e+00
 4.141215133363813e-07 -9.566196419675891e-22
 1.857603718293222e-08 -2.510596559275573e-22
-4.004449080392478e-09 -3.110877728016143e-22
-1.962480107104600e-09 -2.011249405927338e-23
 4.019578195629596e-09  8.477478417724588e-23
-2.933395752016695e-10 -7.844074925373361e-22
-1.597802701046734e-09 -4.122771362557294e-19
-2.287955653231866e-10  2.300428057601184e-21
 7.759943628244265e-10  1.751177377086081e-21
 1.090467971639925e-09 -1.998098684794468e-19
 1.014766428960606e-10 -1.989383169217116e-22
-5.289756879631065e-10 -3.969050255962454e-24
-1.033631214183624e-11  3.472393659663787e-24
 1.312947207291461e-10  1.433199189286545e-24
-3.490853155690151e-12  4.764246365669877e-22
 1.720147348568287e-09  1.064300659133335e-23
 1.442050930433896e-08  3.919591430305783e-23
 0.000000000000000e+00  0.000000000000000e+00
-8.381830053607387e-09  3.064172290677436e-23
-1.109675809454706e-10  3.487818430697228e-24
-1.907599310822086e-10  1.244840222924698e-22
 2.138832564744961e-11  2.363941832165678e-25
-8.387441113845291e-13 -3.422630232621889e-26
 4.157248833173366e-10  2.194815819960386e-24
 8.627739638113266e-11  1.546695631976324e-25
 2.613666880039594e-11  2.067002360933904e-23
 3.802762022261052e-11  8.026631442400095e-20
 8.489143272533554e-12 -4.583743816280178e-23
-7.342485465370587e-12 -3.776079215991042e-23
-2.214484684927169e-11  4.503561017504021e-20
-8.970882001762821e-12  7.519946303817344e-24
-1.832221183930456e-11  3.373277544947171e-26
-4.158828599668908e-11  2.546921884719907e-25
-2.248668706526998e-14 -3.367323679544372e-26
 5.672787820540476e-13 -6.110220602841858e-25
-3.331242357358801e-12 -3.063087428151752e-25
-9.857780090389127e-13 -8.909050459164989e-23
-2.784428533093421e-11 -1.793503966919918e-24
-3.034266752915084e-10 -1.644068220100221e-24
 0.000000000000000e+00  0.000000000000000e+00
 2.147904313276269e-10 -7.240041235594552e-25
 1.358712324520760e-11  4.943053331487002e-26
 4.202687018189665e-13 -3.103570514614193e-23
 6.861487886610048e-13 -1.333505648913972e-25
-5.046762460547511e-14  3.340220106804495e-27
 5.168547868833099e-15 -1.824328384204829e-28
 7.684131594825087e-14  1.300737497679891e-26
-7.853542241747157e-11 -7.681855369861341e-25
 3.788488057344950e-12  5.130865317613771e-26
 5.622887133263788e-13 -3.182519662826647e-24
-1.426845088821345e-13 -1.528941751838342e-20
-1.944697882059683e-13  9.467731879619819e-24
 2.952813859651075e-13  8.070258448624026e-24
 1.327392008851066e-13 -9.446589735266007e-21
-2.461058699665355e-13 -1.387777592760970e-24
-1.112988908673204e-12  1.835841433115479e-26
 1.427595836528633e-11 -1.483017806292603e-25
-6.890239911407765e-15  7.942263923984567e-28
-2.233927027511438e-17 -7.884133561824473e-30
 1.482989463477818e-15  2.150714892020042e-26
-1.945745245006686e-14 -2.445235287405062e-26
 6.095152952175872e-14  7.216629804737212e-27
-2.875169355330905e-14  1.649387835391773e-23
 7.327070181333863e-13 -7.331372147927880e-26
 7.048581609252506e-12  3.382004019681950e-26
 0.000000000000000e+00  0.000000000000000e+00
-5.189692216368001e-12  2.517957889395283e-26
-2.259999284354549e-13 -4.725250044068358e-26
 2.705061755532451e-14  6.938591731247330e-24
-1.494930706815439e-14  2.558332481625617e-27
 1.938597992745866e-15 -4.224458912286988e-27
 4.593120782897867e-17  1.652121296384250e-27
 5.896503200834410e-18 -6.523506509895608e-30
 1.844867056550779e-16  1.331859771591590e-28
-5.687540486265530e-15 -1.377152297022131e-27
 1.415942721298881e-11  1.733405675991435e-25
 1.090009805440191e-13 -3.617322015890143e-27
-1.520212224936071e-14  8.375712895427646e-26
 6.360983075290236e-15  2.864244605027073e-21
 7.450095302931052e-15 -2.234894220449967e-25
-8.426527013228766e-15 -1.963785414145529e-25
-3.567433324024871e-15  1.895267501346831e-21
 8.946490358739970e-15  4.023415608273530e-26
-3.866884228520819e-14 -1.029822712039161e-27
-3.538501719685725e-12  3.999715143329941e-26
 9.723522197411013e-16 -5.789935337049192e-29
-3.260840728412916e-17  9.870027834063546e-30
-2.245624165584498e-17 -1.108132752670625e-31
-1.494504819227370e-18  1.513683709912467e-29
-7.702737492813484e-17 -5.942964868699377e-27
 7.956932903724830e-16  3.517916249899402e-27
-1.972403913672116e-16 -3.329397421182041e-28
 3.551177440033766e-16 -3.023831663028833e-24
-1.787988594074583e-14  1.012988039017952e-26
-1.700928393826624e-13 -2.967204809248064e-27
 0.000000000000000e+00  0.000000000000000e+00
 1.290928705094383e-13 -1.550916091294194e-27
 1.127118082805352e-14  1.393130069792138e-27
 1.439343027627212e-16 -1.446306603289463e-24
-1.883201093812752e-16 -1.821302465155441e-28
-1.027941482652953e-16  7.494136048335930e-28
 1.129872492742307e-17 -4.071125016451064e-28
 5.373785304768697e-19  1.161802451564850e-30

# cputime =  3.5813950000e+00 sec
